# Pull cement
# 0
posx(457.41, 268.36, 196.67, 104.04, 179.98, 103.65)
posx(456.61, 267.81, 73.48, 16.53, -179.87, 16.16)
# 1
posx(395.87, 144.91, 100.93, 90.38, -127.98, 90)
posx(395.87, -183.79, 100.93, 90.38, -127.98, 90)
#1-2
posx(415.86, -224.88, 100.92, 90.38, -127.98, 90)
posx(448.35, -224.89, 100.92, 90.38, -127.98, 90)
#2
posx(474.69, -178.35, 100.93, 90.38, -127.98, 90)
posx(474.68, 136.46, 100.93, 90.38, -127.98, 90)
#2-3
posx(516.84, 162.17, 100.93, 90.39, -127.98, 90)
#3
posx(557.77, 124.13, 100.92, 90.39, -127.98, 90)
posx(557.78, -193.65, 100.93, 90.39, -127.98, 90)

#Pallet
posx(194.38, -60.5, 24.02, 152.35, 180, 143.21)     #0
posx(244.83, -53.04, 24.15, 166.55, 180, 157.29)    #1
posx(295.89, -45.59, 24.22, 161, -180, 151.96)      #2
posx(201.67, -111.3, 23.95, 144.15, 180, 135.19)    #3
posx(252.36, -103.68, 24.02, 141.41, -180, 132.02)  #4
posx(302.79, -95.66, 24.05, 165.55, 180, 155.94)    #5
posx(209.64, -161.45, 23.97, 139.01, 180, 129.42)   #6
posx(259.82, -154.17, 23.7, 153.75, 179.96, 144)    #7
posx(310.27, -146.5, 23.84, 20.05, -179.96, 10.52)  #8

# Long
posx(299.51, 14.82, 41.22, 9.72, 180, 101.8)
# Short
posx(299.07, 89.08, 40.93, 13.84, 180, 105.56)
# APT
posx(401.43, 114.9, 36.12, 69, 179.97, 68.92)   #0
posx(480.75, 114.37, 34.9, 3.87, 180, 4.17)     #1
posx(561.21, 113.93, 34.97, 10.35, 180, 10.71)  #2
posx(400.75, 2.88, 34.68, 178.8, 180, 179.27)   #3
posx(480.54, 2.21, 34.63, 17.65, -180, 18.13)   #4
posx(560.57, 1.85, 35.43, 169.21, -180, 169.69) #5
posx(399.66, -108.28, 36.19, 160.73, -180, 161.28)  #6
posx(479.99, -108.84, 33.95, 167.52, -180, 167.91)  #7
posx(559.68, -109.54, 34.8, 146.96, -180, 147.18)   #8

# APT SUB
posx(401.31, 83.61, 35.08, 15.61, -180, 15.51)  # 0-1
posx(400.86, 66.4, 35.5, 8.37, -180, 8.5) #0-2
posx(481.11, 81.63, 36.52, 11.57, 179.99, 11.55)    #1-1
posx(480.98, 65.94, 35.87, 6.97, -180, 7.1) #1-2
posx(560.72, 81.33, 35.93, 177.86, 180, 178.22) # 2-1
posx(560.89, 66.1, 35.8, 7.46, -180, 7.83) # 2-2
posx(400.15, -28.04, 37.41, 148.76, -179.97, 149.21)    #3-1
posx(399.95, -44.04, 36.84, 86.11, -180, 86.48) # 3-2
